[array([[[474, 383]],

       [[478, 383]]], dtype=int32), array([[[462, 383]]], dtype=int32), array([[[453, 383]],

       [[454, 384]]], dtype=int32), array([[[480, 382]]], dtype=int32), array([[[468, 382]],

       [[472, 382]]], dtype=int32), array([[[466, 382]]], dtype=int32), array([[[484, 381]]], dtype=int32), array([[[448, 381]],    

       [[449, 382]],

       [[450, 382]],

       [[449, 382]]], dtype=int32), array([[[489, 379]],

       [[491, 379]]], dtype=int32), array([[[444, 379]]], dtype=int32), array([[[496, 376]],

       [[494, 378]],

       [[493, 378]],

       [[495, 378]],

       [[495, 377]]], dtype=int32), array([[[441, 376]]], dtype=int32), array([[[498, 375]]], dtype=int32), array([[[436, 371]],    

       [[438, 373]]], dtype=int32), array([[[434, 368]]], dtype=int32), array([[[433, 366]]], dtype=int32), array([[[430, 363]]], dtype=int32), array([[[429, 361]]], dtype=int32), array([[[429, 345]]], dtype=int32), array([[[429, 339]]], dtype=int32), array([[[432, 333]],

       [[431, 334]],

       [[431, 335]],

       [[431, 334]]], dtype=int32), array([[[435, 327]],

       [[434, 328]]], dtype=int32), array([[[436, 324]]], dtype=int32), array([[[438, 323]]], dtype=int32), array([[[441, 321]]], dtype=int32), array([[[443, 319]]], dtype=int32), array([[[446, 316]],

       [[446, 317]],

       [[447, 316]],

       [[448, 316]]], dtype=int32), array([[[450, 315]]], dtype=int32), array([[[457, 313]]], dtype=int32), array([[[459, 312]]], dtype=int32), array([[[462, 309]]], dtype=int32), array([[[465, 306]]], dtype=int32), array([[[467, 304]]], dtype=int32), array([[[471, 296]],

       [[471, 300]],

       [[470, 301]],

       [[471, 300]]], dtype=int32), array([[[472, 290]]], dtype=int32), array([[[462, 278]]], dtype=int32), array([[[440, 278]],    

       [[444, 278]]], dtype=int32), array([[[464, 277]]], dtype=int32), array([[[438, 277]]], dtype=int32), array([[[436, 276]]], dtype=int32), array([[[467, 275]]], dtype=int32), array([[[469, 274]]], dtype=int32), array([[[471, 273]],

       [[472, 274]],

       [[472, 280]],

       [[472, 274]]], dtype=int32), array([[[429, 272]],

       [[431, 274]]], dtype=int32), array([[[425, 268]],

       [[427, 270]]], dtype=int32), array([[[422, 265]],

       [[423, 266]]], dtype=int32), array([[[499, 259]]], dtype=int32), array([[[419, 258]],

       [[419, 262]],

       [[420, 263]],

       [[419, 262]]], dtype=int32), array([[[496, 257]]], dtype=int32), array([[[492, 254]],

       [[493, 255]]], dtype=int32), array([[[491, 250]]], dtype=int32), array([[[421, 248]],

       [[420, 249]],

       [[420, 252]],

       [[420, 249]],

       [[421, 248]],

       [[424, 248]]], dtype=int32), array([[[427, 246]]], dtype=int32), array([[[489, 245]]], dtype=int32), array([[[429, 245]]], dtype=int32), array([[[488, 243]]], dtype=int32), array([[[430, 241]]], dtype=int32), array([[[484, 238]]], dtype=int32), array([[[429, 237]]], dtype=int32), array([[[482, 235]]], dtype=int32), array([[[481, 233]]], dtype=int32), array([[[427, 232]]], dtype=int32), 
array([[[478, 230]],

       [[479, 230]],

       [[480, 231]],

       [[479, 230]]], dtype=int32), array([[[426, 230]]], dtype=int32), array([[[472, 227]],

       [[473, 227]]], dtype=int32), array([[[467, 224]]], dtype=int32), array([[[465, 223]]], dtype=int32), array([[[462, 222]],    

       [[463, 222]]], dtype=int32), array([[[425, 222]],

       [[425, 226]]], dtype=int32), array([[[458, 219]]], dtype=int32), array([[[427, 218]],

       [[426, 219]]], dtype=int32), array([[[452, 215]],

       [[453, 215]],

       [[454, 216]],

       [[453, 215]]], dtype=int32), array([[[428, 214]]], dtype=int32), array([[[450, 213]]], dtype=int32), array([[[446, 210]]], dtype=int32), array([[[430, 209]],

       [[431, 209]]], dtype=int32), array([[[433, 208]]], dtype=int32), array([[[435, 207]]], dtype=int32), array([[[437, 206]],    

       [[441, 206]],

       [[442, 207]],

       [[441, 206]]], dtype=int32), array([[[208,   8]],

       [[207,   9]],

       [[206,   9]],

       [[204,  11]],

       [[203,  11]],

       [[203,  12]],

       [[202,  13]],

       [[201,  13]],

       [[197,  17]],

       [[196,  17]],

       [[195,  18]],

       [[195,  19]],

       [[194,  20]],

       [[194,  25]],

       [[193,  26]],

       [[193,  35]],

       [[192,  36]],

       [[192,  40]],

       [[185,  47]],

       [[185,  48]],

       [[184,  49]],

       [[183,  49]],

       [[182,  50]],

       [[181,  50]],

       [[179,  52]],

       [[176,  52]],

       [[175,  53]],

       [[160,  53]],

       [[159,  54]],

       [[158,  54]],

       [[156,  56]],

       [[155,  56]],

       [[154,  57]],

       [[153,  57]],

       [[152,  58]],

       [[151,  58]],

       [[149,  60]],

       [[146,  60]],

       [[145,  61]],

       [[142,  61]],

       [[141,  62]],

       [[139,  62]],

       [[138,  63]],

       [[135,  63]],

       [[134,  64]],

       [[131,  64]],

       [[131,  65]],

       [[129,  67]],

       [[128,  67]],

       [[127,  68]],

       [[126,  68]],

       [[125,  69]],

       [[124,  69]],

       [[124,  70]],

       [[122,  72]],

       [[121,  72]],

       [[120,  73]],

       [[119,  73]],

       [[115,  77]],

       [[115,  79]],

       [[114,  80]],

       [[114,  81]],

       [[112,  83]],

       [[112,  84]],

       [[111,  85]],

       [[111,  86]],

       [[108,  89]],

       [[108,  91]],

       [[107,  92]],

       [[107,  93]],

       [[105,  95]],

       [[105,  96]],

       [[104,  97]],

       [[104,  98]],

       [[103,  99]],

       [[103, 100]],

       [[102, 101]],

       [[101, 101]],

       [[101, 102]],

       [[ 98, 105]],

       [[ 98, 106]],

       [[ 97, 107]],

       [[ 97, 108]],

       [[ 96, 109]],

       [[ 95, 109]],

       [[ 95, 110]],

       [[ 94, 111]],

       [[ 94, 112]],

       [[ 93, 113]],

       [[ 93, 119]],

       [[ 94, 120]],

       [[ 94, 127]],

       [[ 93, 128]],

       [[ 92, 128]],

       [[ 91, 129]],

       [[ 90, 129]],

       [[ 88, 131]],

       [[ 87, 131]],

       [[ 86, 132]],

       [[ 85, 132]],

       [[ 83, 134]],

       [[ 82, 134]],

       [[ 82, 142]],

       [[ 83, 143]],

       [[ 83, 145]],

       [[ 84, 146]],

       [[ 84, 149]],

       [[ 85, 150]],

       [[ 85, 153]],

       [[ 89, 157]],

       [[ 89, 158]],

       [[ 90, 159]],

       [[ 91, 159]],

       [[ 92, 160]],

       [[ 92, 161]],

       [[ 93, 162]],

       [[ 93, 163]],

       [[ 94, 164]],

       [[ 95, 164]],

       [[ 96, 165]],

       [[ 96, 166]],

       [[ 97, 166]],

       [[ 98, 167]],

       [[104, 167]],

       [[105, 168]],

       [[107, 168]],

       [[108, 169]],

       [[114, 169]],

       [[115, 170]],

       [[118, 170]],

       [[119, 171]],

       [[124, 171]],

       [[125, 172]],

       [[131, 172]],

       [[132, 173]],

       [[141, 173]],

       [[142, 172]],

       [[149, 172]],

       [[150, 171]],

       [[155, 171]],

       [[156, 170]],

       [[160, 170]],

       [[161, 169]],

       [[170, 169]],

       [[171, 168]],

       [[176, 168]],

       [[177, 167]],

       [[184, 167]],

       [[185, 166]],

       [[187, 166]],

       [[188, 165]],

       [[189, 165]],

       [[190, 164]],

       [[191, 164]],

       [[192, 163]],

       [[193, 163]],

       [[195, 161]],

       [[196, 161]],

       [[197, 160]],

       [[198, 160]],

       [[199, 159]],

       [[200, 159]],

       [[202, 157]],

       [[203, 157]],

       [[204, 156]],

       [[205, 156]],

       [[207, 154]],

       [[208, 154]],

       [[209, 153]],

       [[210, 153]],

       [[211, 152]],

       [[212, 152]],

       [[213, 151]],

       [[213, 148]],

       [[215, 146]],

       [[215, 143]],

       [[217, 141]],

       [[217, 139]],

       [[218, 138]],

       [[218, 136]],

       [[219, 135]],

       [[219, 134]],

       [[220, 133]],

       [[220, 130]],

       [[222, 128]],

       [[222, 127]],

       [[227, 122]],

       [[228, 122]],

       [[228, 121]],

       [[230, 119]],

       [[231, 119]],

       [[231, 118]],

       [[233, 116]],

       [[234, 116]],

       [[234, 112]],

       [[233, 111]],

       [[233, 101]],

       [[234, 100]],

       [[234,  92]],

       [[235,  91]],

       [[235,  82]],

       [[236,  81]],

       [[236,  77]],

       [[234,  75]],

       [[234,  74]],

       [[233,  73]],

       [[233,  70]],

       [[232,  69]],

       [[232,  68]],

       [[230,  66]],

       [[230,  65]],

       [[229,  64]],

       [[229,  61]],

       [[228,  60]],

       [[229,  59]],

       [[229,  52]],

       [[230,  51]],

       [[230,  43]],

       [[229,  42]],

       [[229,  39]],

       [[228,  38]],

       [[228,  35]],

       [[227,  34]],

       [[227,  32]],

       [[226,  31]],

       [[226,  30]],

       [[225,  29]],

       [[225,  28]],

       [[224,  27]],

       [[224,  26]],

       [[222,  24]],

       [[222,  23]],

       [[221,  22]],

       [[221,  21]],

       [[220,  20]],

       [[219,  20]],

       [[218,  19]],

       [[218,  18]],

       [[217,  17]],

       [[217,  16]],

       [[215,  14]],

       [[215,  13]],

       [[214,  12]],

       [[214,  11]],

       [[213,  10]],

       [[213,   9]],

       [[212,   8]]], dtype=int32)]
[array([[[436, 207]],

       [[435, 208]],

       [[434, 208]],

       [[433, 209]],

       [[432, 209]],

       [[431, 210]],

       [[430, 210]],

       [[430, 212]],

       [[429, 213]],

       [[429, 214]],

       [[428, 215]],

       [[428, 218]],

       [[426, 220]],

       [[426, 229]],

       [[427, 230]],

       [[427, 231]],

       [[428, 232]],

       [[428, 235]],

       [[430, 237]],

       [[430, 240]],

       [[431, 241]],

       [[431, 242]],

       [[432, 243]],

       [[429, 246]],

       [[428, 246]],

       [[427, 247]],

       [[426, 247]],

       [[424, 249]],

       [[421, 249]],

       [[421, 252]],

       [[420, 253]],

       [[420, 262]],

       [[428, 270]],

       [[428, 271]],

       [[429, 271]],

       [[432, 274]],

       [[433, 274]],

       [[434, 275]],

       [[436, 275]],

       [[437, 276]],

       [[438, 276]],

       [[439, 277]],

       [[444, 277]],

       [[445, 278]],

       [[461, 278]],

       [[462, 277]],

       [[463, 277]],

       [[464, 276]],

       [[465, 276]],

       [[467, 274]],

       [[468, 274]],

       [[469, 273]],

       [[470, 273]],

       [[471, 272]],

       [[473, 274]],

       [[473, 290]],

       [[472, 291]],

       [[472, 300]],

       [[470, 302]],

       [[469, 302]],

       [[469, 303]],

       [[465, 307]],

       [[464, 307]],

       [[464, 308]],

       [[459, 313]],

       [[458, 313]],

       [[457, 314]],

       [[454, 314]],

       [[453, 315]],

       [[451, 315]],

       [[450, 316]],

       [[449, 316]],

       [[448, 317]],

       [[447, 317]],

       [[446, 318]],

       [[445, 318]],

       [[443, 320]],

       [[442, 320]],

       [[442, 321]],

       [[441, 322]],

       [[440, 322]],

       [[438, 324]],

       [[437, 324]],

       [[436, 325]],

       [[436, 327]],

       [[434, 329]],

       [[434, 330]],

       [[433, 331]],

       [[433, 333]],

       [[432, 334]],

       [[432, 335]],

       [[430, 337]],

       [[430, 339]],

       [[429, 340]],

       [[429, 344]],

       [[430, 345]],

       [[429, 346]],

       [[429, 360]],

       [[430, 361]],

       [[430, 362]],

       [[431, 363]],

       [[431, 364]],

       [[432, 365]],

       [[433, 365]],

       [[434, 366]],

       [[434, 367]],

       [[435, 368]],

       [[435, 369]],

       [[439, 373]],

       [[439, 374]],

       [[440, 374]],

       [[442, 376]],

       [[442, 377]],

       [[443, 377]],

       [[446, 380]],

       [[448, 380]],

       [[449, 381]],

       [[450, 381]],

       [[451, 382]],

       [[453, 382]],

       [[455, 384]],

       [[460, 384]],

       [[462, 382]],

       [[465, 382]],

       [[466, 381]],

       [[472, 381]],

       [[473, 382]],

       [[479, 382]],

       [[480, 381]],

       [[483, 381]],

       [[484, 380]],

       [[487, 380]],

       [[489, 378]],

       [[492, 378]],

       [[493, 377]],

       [[494, 377]],

       [[496, 375]],

       [[497, 375]],

       [[498, 374]],

       [[499, 374]],

       [[499, 260]],

       [[497, 258]],

       [[496, 258]],

       [[494, 256]],

       [[493, 256]],

       [[491, 254]],

       [[491, 251]],

       [[490, 250]],

       [[490, 247]],

       [[488, 245]],

       [[488, 244]],

       [[487, 243]],

       [[487, 242]],

       [[486, 241]],

       [[486, 240]],

       [[485, 239]],

       [[484, 239]],

       [[483, 238]],

       [[483, 237]],

       [[481, 235]],

       [[481, 234]],

       [[480, 233]],

       [[480, 232]],

       [[479, 231]],

       [[478, 231]],

       [[477, 230]],

       [[477, 229]],

       [[475, 229]],

       [[474, 228]],

       [[472, 228]],

       [[471, 227]],

       [[471, 226]],

       [[469, 226]],

       [[468, 225]],

       [[467, 225]],

       [[466, 224]],

       [[465, 224]],

       [[464, 223]],

       [[462, 223]],

       [[461, 222]],

       [[461, 221]],

       [[460, 221]],

       [[459, 220]],

       [[458, 220]],

       [[455, 217]],

       [[454, 217]],

       [[453, 216]],

       [[452, 216]],

       [[451, 215]],

       [[451, 214]],

       [[450, 214]],

       [[449, 213]],

       [[449, 212]],

       [[448, 212]],

       [[447, 211]],

       [[446, 211]],

       [[445, 210]],

       [[445, 209]],

       [[444, 209]],

       [[443, 208]],

       [[442, 208]],

       [[441, 207]]], dtype=int32)]





1
1
1
2
2
2
1
2
1
1
1
1
1
1
1
1
2
1
2
2
2
2
4
2
1
1
2
1
1
2
2
1
1
1
1
1
2
2
2
2
1
1
1
1
4
1
1
1
1
1
1
2
2
2
1
1
1
1
1
2
1
2
2
1
1
1
1
1
4
1
4
1
1
1
2
2
1
4
2
4
1
1
2
2
2
2
2
2
6
2
2
1
2
2
2
4
1
1
4
2
1
1
1
4
2
1
1
2
1
2
1
1
1
4
2
4
1
2
2
2
1
4
2
136
1
2
1
1
2
2
6
4
2
4
4
2
6
6
2
6
2
2
1
2
2
1
1
1
2
2
1
2
1
1
1
1
4
1
1
2
1
2
2
2
1
2
1
4
1
1
1
2
1
1
2
1
2
4
1
4
1
2
2
1
1
1
2
6
2
1
2
1
2
1
1
4
2
1
5
1
1
2
1
1
1
1
1
1
4
2
1
1
1
1
4
1
1
1
1
1
1
4
1
1
2
1
1
1
1
1
4
2
2
2
1
4
1
2
1
6
1
1
1
1
1
1
1
1
1
1
4
1
2
1
1
2
2
1
2
4
1
1
1
2
1
1
4
247
202


[[[435 332]] 

 [[434 333]] 

 [[434 334]] 

 [[434 333]]]
[[[435 273]]

 [[436 274]]

 [[437 274]]

 [[436 274]]]
[[[472 229]]

 [[473 230]]

 [[474 230]]

 [[473 230]]]
[[[466 226]]

 [[467 227]]

 [[468 227]]

 [[467 227]]]
[[[431 213]]

 [[431 214]]

 [[430 215]]

 [[431 214]]]
[[[441 209]]

 [[442 210]]

 [[443 210]]

 [[442 210]]]
[[[138 171]]

 [[137 172]]

 [[136 172]]

 [[137 172]]]
[[[163 168]]

 [[159 168]]

 [[158 169]]

 [[154 169]]

 [[158 169]]

 [[159 168]]]
[[[186 164]]

 [[185 165]]

 [[183 165]]

 [[185 165]]]
[[[ 95 162]]

 [[ 96 163]]

 [[ 97 163]]

 [[ 96 163]]]
[[[ 91 157]]

 [[ 92 158]]

 [[ 93 158]]

 [[ 92 158]]]
[[[213 145]]

 [[212 146]]

 [[212 147]]

 [[212 146]]]
[[[  1 134]]

 [[  0 135]]

 [[  0 267]]

 [[  9 272]]

 [[ 20 274]]

 [[ 35 274]]

 [[ 40 272]]

 [[ 41 273]]

 [[ 59 269]]

 [[ 65 265]]

 [[ 67 262]]

 [[ 70 261]]

 [[ 72 258]]

 [[ 75 257]]

 [[ 77 254]]

 [[ 80 253]]

 [[ 88 245]]

 [[ 89 242]]

 [[ 96 234]]

 [[ 95 233]]

 [[ 96 232]]

 [[ 94 217]]

 [[ 95 216]]

 [[ 94 215]]

 [[ 95 214]]

 [[ 93 199]]

 [[ 94 198]]

 [[ 91 190]]

 [[ 92 189]]

 [[ 90 181]]

 [[ 83 169]]

 [[ 57 146]]

 [[ 51 145]]

 [[ 49 143]]

 [[ 45 142]]

 [[ 29 145]]

 [[ 14 132]]

 [[ 10 131]]

 [[  6 132]]

 [[  4 134]]]
[[[220 127]]

 [[219 128]]

 [[219 129]]

 [[219 128]]]
[[[ 96 111]]

 [[ 96 112]]

 [[ 95 113]]

 [[ 95 114]]

 [[ 95 113]]

 [[ 96 112]]]
[[[ 99 108]]

 [[ 98 109]]

 [[ 98 110]]

 [[ 98 109]]]
[[[102 103]]

 [[102 104]]

 [[101 105]]

 [[102 104]]]
[[[105 100]]

 [[104 101]]

 [[104 102]]

 [[104 101]]]
[[[109  93]]

 [[108  94]]

 [[108  95]]

 [[107  96]]

 [[108  95]]

 [[108  94]]]
[[[113  86]]

 [[112  87]]

 [[112  88]]

 [[111  89]]

 [[112  88]]

 [[112  87]]]
[[[116  81]]

 [[115  82]]

 [[115  83]]

 [[114  84]]

 [[115  83]]

 [[115  82]]]
[[[193  42]]

 [[186  49]]

 [[186  50]]

 [[186  49]]]
[[[217  21]]

 [[218  21]]

 [[219  22]]

 [[218  21]]]
[[[197  19]]

 [[196  20]]

 [[196  21]]

 [[196  20]]]
[[[209   9]]

 [[209  10]]

 [[210   9]]

 [[211  10]]

 [[210   9]]]
[[[450 379]]

 [[451 380]]

 [[452 380]]

 [[451 380]]]
[[[494 374]]

 [[493 375]]

 [[493 376]]

 [[493 375]]]
[[[434 335]]

 [[433 336]]

 [[433 337]]

 [[433 336]]]
[[[473 301]]

 [[473 302]]

 [[472 303]]

 [[473 302]]]
[[[424 250]]

 [[423 250]]

 [[422 251]]

 [[423 250]]]
[[[476 232]]

 [[477 232]]

 [[478 233]]

 [[477 232]]]
[[[450 217]]

 [[451 217]]

 [[452 218]]

 [[451 217]]]
[[[210  10]]

 [[197  20]]

 [[194  42]]

 [[186  51]]

 [[179  55]]

 [[162  55]]

 [[151  62]]

 [[134  67]]

 [[133  66]]

 [[117  79]]

 [[105 102]]

 [[ 95 115]]

 [[ 97 127]]

 [[ 96 129]]

 [[ 84 136]]

 [[ 87 151]]

 [[ 98 164]]

 [[134 171]]

 [[147 170]]

 [[165 166]]

 [[168 167]]

 [[181 164]]

 [[182 165]]

 [[211 149]]

 [[218 128]]

 [[232 114]]

 [[231  96]]

 [[234  79]]

 [[226  62]]

 [[228  45]]

 [[226  37]]

 [[224  35]]

 [[225  34]]]
[[[438 209]]

 [[432 212]]

 [[430 220]]

 [[428 222]]

 [[428 227]]

 [[435 245]]

 [[426 251]]

 [[423 251]]

 [[422 260]]

 [[434 272]]

 [[447 276]]

 [[459 276]]

 [[473 268]]

 [[475 270]]

 [[476 286]]

 [[474 293]]

 [[474 302]]

 [[461 315]]

 [[447 320]]

 [[438 327]]

 [[431 342]]

 [[431 358]]

 [[444 375]]

 [[457 382]]

 [[466 378]]

 [[475 380]]

 [[484 377]]

 [[485 378]]

 [[499 371]]

 [[499 264]]

 [[489 256]]

 [[487 250]]

 [[488 249]]

 [[475 231]]

 [[460 225]]

 [[443 211]]]